-4 5.29762
-3.78 3.28255
-3.56 1.67138
-3.34 0.554978
-3.12 -0.0348565
-2.9 -0.122017
-2.68 0.221618
-2.46 0.887335
-2.24 1.74306
-2.02 2.64797
-1.8 3.4669
-1.58 4.08343
-1.36 4.41056
-1.14 4.39815
-0.92 4.03656
-0.7 3.35637
-0.48 2.42416
-0.26 1.33487
-0.04 0.201482
0.18 -0.857122
0.4 -1.72902
0.62 -2.32158
0.84 -2.5723
1.06 -2.4569
1.28 -1.99421
1.5 -1.24687
1.72 -0.318027
1.94 0.656188
2.16 1.51777
2.38 2.10086
2.6 2.24759
2.82 1.82453
3.04 0.738485
3.26 -1.0499
3.48 -3.51586
3.7 -6.56467
3.92 -10.0311
4.14 -13.6848
4.36 -17.2408
4.58 -20.3765
4.8 -22.7524
5.02 -24.0365
5.24 -23.9311
5.46 -22.1986
5.68 -18.6872
5.9 -13.3511
6.12 -6.26687
6.34 2.35856
6.56 12.1871
6.78 22.7582
