-1000 -1.505e+09
-959.184 -1.44337e+09
-918.367 -1.38177e+09
-877.551 -1.32018e+09
-836.735 -1.2586e+09
-795.918 -1.19704e+09
-755.102 -1.1355e+09
-714.286 -1.07398e+09
-673.469 -1.01247e+09
-632.653 -9.5098e+08
-591.837 -8.89506e+08
-551.02 -8.28048e+08
-510.204 -7.66607e+08
-469.388 -7.05183e+08
-428.571 -6.43775e+08
-387.755 -5.82384e+08
-346.939 -5.2101e+08
-306.122 -4.59652e+08
-265.306 -3.98311e+08
-224.49 -3.36986e+08
-183.673 -2.75679e+08
-142.857 -2.14388e+08
-102.041 -1.53113e+08
-61.2245 -9.18554e+07
-20.4082 -3.06143e+07
20.4082 3.06101e+07
61.2245 9.18179e+07
102.041 1.53009e+08
142.857 2.14184e+08
183.673 2.75341e+08
224.49 3.36482e+08
265.306 3.97607e+08
306.122 4.58715e+08
346.939 5.19806e+08
387.755 5.8088e+08
428.571 6.41938e+08
469.388 7.0298e+08
510.204 7.64004e+08
551.02 8.25012e+08
591.837 8.86003e+08
632.653 9.46978e+08
673.469 1.00794e+09
714.286 1.06888e+09
755.102 1.1298e+09
795.918 1.19071e+09
836.735 1.2516e+09
877.551 1.31248e+09
918.367 1.37333e+09
959.184 1.43417e+09
1000 1.495e+09
